0 0.568399 0.183412 0.015048 0.027488
0 0.458960 0.179621 0.032832 0.029384
0 0.390561 0.178199 0.016416 0.024645
0 0.357387 0.176777 0.003420 0.012322
0 0.675787 0.195261 0.019152 0.022749
0 0.673735 0.387204 0.019152 0.025592
0 0.846443 0.361611 0.021204 0.033175
0 0.811902 0.379147 0.013680 0.018957
0 0.770178 0.382464 0.016416 0.023697
0 0.886115 0.237441 0.014364 0.031280
0 0.299590 0.381991 0.015048 0.024645
0 0.253420 0.381043 0.026676 0.036019
0 0.185363 0.368246 0.017784 0.023697
0 0.090287 0.362559 0.017784 0.019905
0 0.103625 0.194313 0.014364 0.030332
0 0.178181 0.183412 0.015732 0.027488
0 0.361833 0.382938 0.025992 0.026540
0 0.560192 0.390521 0.024624 0.030332
0 0.617305 0.397156 0.022572 0.036019
0 0.483242 0.392417 0.015732 0.020853
